63673, 63697, 66369, 66951, 69332, 70239, 70298, 70503, 70659
71732, 71970, 74211, 77343, 77761
25317, 25348, 29434, 30856, 30884, 31324
39594, 40183, 40609, 40726, 40740, 40746, 45082, 45285, 45350, 46255
17404, 17619, 18088, 18558, 20113, 22863
48030, 50739, 50838, 54269, 54415, 54984
8532, 9057, 9070, 9420, 9760, 9768, 9792, 10001, 12547, 13234, 14027, 14952
55327, 56067, 57231, 58393, 58431, 59440, 60281, 60334, 62309
31559, 31588, 33025, 33286, 33530, 33598, 33957, 34622, 35986, 36378, 36853, 37020, 38066
79015, 80809, 80937, 80990, 80993, 81046, 84018
87010, 88316, 90368, 91610, 91730, 93015, 93108, 93486, 93487, 93488, 93664
95216, 95460, 95688, 96906, 97010, 97495, 99312, 100158, 100275, 100286, 100297, 100320, 100568, 101345, 101536
103001, 103560, 104920, 105782, 107020, 108395, 108470, 108530, 108601, 110143
110169, 110305, 110850, 111064, 112107, 113991, 114818, 115448, 115854, 116074, 116598, 117123, 117304
118918, 121407, 123199, 124550, 124985
128072, 128389, 128855, 130586, 131828, 132842, 133427
142046, 143652, 143666, 145629, 147874
134181, 135590, 138105, 138546, 138770, 141449
150378, 150641, 152908, 155592, 155677, 156421
221781, 221980, 222781, 223842, 224430, 224952, 225065, 225168, 226473, 227449, 227747, 228062
204724, 204891, 205742, 206454, 207242, 208615, 210326, 210985, 211591, 211843
213303, 213322, 213361, 215351, 215459, 218333
181150, 183875, 187469
174722, 175180, 176023, 176507, 177377, 178300, 178424, 179472, 180813
166209, 166401, 167875, 170134, 170469, 170910
198775, 200422, 200603, 202883, 202968, 203925, 203958, 204116
190576, 191145, 191453, 193417, 194262, 195684, 195740, 195970
158918, 159295, 161410, 162257, 162533, 163564, 163868, 164189, 164325, 164368
228913, 229735, 230116, 230994, 231183, 231280, 231781, 232091, 232959, 233056, 233301, 233364, 233548, 233798, 233871, 234502, 235691, 236011